Pilot RX by socket threads (= reference time), kPilotRX, kProcessingStarted, kPilotAllRX, kFFTPilotsDone, kBeamDone, kDemulDone, kDecodeDone, kRXDone, time in CSI, time in FFT, time in Beamweights, time in Demul, time in Decode
1773016.1 3.9 30.1 8232.4 8245.3 8337.8 54004.2 54078.6 53935.5 55.273 103.663 21.489 105.305 787.639
1972661.1 0.6 3.1 8576.3 8586.3 8650.1 54355.3 54429.2 54289.2 30.375 103.225 14.852 106.368 805.748
2172655.6 1.0 10.9 8580.3 8590.7 8687.9 54354.3 54413.1 54293.6 53.077 100.225 23.591 101.449 829.729
2372656.5 1.0 2.8 8579.6 8590.5 8656.1 54366.4 54436.0 54299.1 31.017 99.964 15.611 107.116 772.572
2572653.9 0.8 2.8 8580.6 8591.2 8687.5 54364.2 54411.5 54297.8 30.081 98.868 23.451 105.855 776.779
2772653.3 0.5 2.5 8585.3 8595.6 8656.3 54370.1 54441.7 54300.4 30.766 103.030 14.641 106.692 798.581
2972662.2 0.7 3.0 8578.0 8588.4 8675.5 54356.8 54404.5 54286.0 30.382 101.471 21.378 102.505 811.685
3172656.9 0.4 2.7 8577.2 8586.9 8686.8 54359.7 54406.3 54293.0 29.947 100.780 24.352 104.973 755.528
3372654.6 0.7 3.6 8578.5 8588.8 8682.5 54364.1 54410.5 54295.1 30.577 102.701 22.940 104.604 765.948
3572653.1 0.6 3.0 8579.8 8590.0 8697.7 54363.2 54438.3 54294.9 29.862 100.167 25.167 103.065 812.396
3772656.1 0.9 3.1 8577.4 8588.5 8692.1 54357.9 54405.0 54289.8 30.602 101.858 25.457 102.424 795.543
3972652.6 0.6 2.7 8580.8 8591.4 8653.1 54369.4 54442.5 54300.4 30.101 100.136 14.654 108.310 797.041
4172651.7 0.8 3.0 8580.2 8590.3 8685.9 54372.4 54452.2 54294.8 30.758 102.101 23.389 110.452 761.922
4372650.2 0.8 3.6 8580.5 8590.5 8685.1 54364.8 54440.2 54294.2 30.260 103.200 23.237 105.653 808.614
4572651.0 0.9 3.5 8585.4 8595.6 8676.4 54364.1 54412.9 54295.1 30.293 97.843 18.462 105.712 777.749
4772651.5 4.1 14.1 8579.1 8589.9 8687.8 54361.6 54408.2 54293.1 45.536 106.773 23.186 105.111 775.888
4972652.3 0.9 2.9 8577.7 8588.1 8682.4 54351.0 54403.3 54293.5 30.466 98.820 22.798 103.682 788.101
5172651.7 0.5 2.5 8579.1 8589.6 8691.0 54359.6 54438.7 54291.7 31.059 103.840 24.916 108.722 767.264
5372653.7 0.9 3.5 8580.2 8590.4 8689.8 54360.1 54434.9 54293.4 30.314 100.402 24.212 105.882 759.413
5572657.7 1.0 3.4 8571.9 8582.4 8675.5 54343.8 54422.3 54287.2 30.327 100.785 22.799 97.609 770.736
5772648.3 0.6 2.9 8580.1 8591.0 8686.6 54363.9 54411.3 54297.0 29.607 107.262 23.543 105.736 751.092
5972648.7 0.7 2.6 8579.3 8589.2 8688.0 54361.1 54438.6 54293.0 29.678 97.546 24.017 104.321 753.997
