Pilot RX by socket threads (= reference time), kPilotRX, kProcessingStarted, kPilotAllRX, kFFTPilotsDone, kBeamDone, kDemulDone, kDecodeDone, kRXDone, time in CSI, time in FFT, time in Beamweights, time in Demul, time in Decode
1549213.7 3.9 26.5 8222.4 8233.8 8326.1 53987.9 54231.4 53921.2 52.298 98.412 20.923 105.339 83.149
1748845.1 0.9 3.3 8575.9 8586.4 8660.5 54348.2 54568.9 54288.4 29.495 99.103 17.607 103.906 72.764
1948838.2 0.7 3.9 8580.1 8590.6 8683.8 54353.8 54572.8 54296.9 30.644 96.498 22.926 100.583 73.078
2148837.5 0.6 10.4 8581.9 8592.3 8694.9 54356.6 54576.6 54295.5 38.187 100.552 25.184 101.194 77.052
2348837.5 0.6 2.5 8580.2 8590.5 8684.6 54354.2 54570.9 54296.3 30.197 96.997 22.609 101.574 72.074
2548837.2 0.8 2.9 8583.7 8594.5 8658.3 54370.6 54589.8 54299.7 30.042 97.559 15.575 102.789 73.142
2748849.1 1.0 4.0 8568.1 8578.4 8670.7 54352.2 54569.4 54280.9 29.674 96.391 22.758 101.132 71.480
2948835.6 0.8 2.8 8581.7 8592.2 8685.0 54353.8 54570.9 54295.2 29.947 101.090 22.518 97.270 72.239
3148836.5 1.1 3.5 8578.5 8588.7 8682.7 54359.8 54575.4 54293.9 29.944 96.423 22.997 97.466 72.493
3348833.4 0.7 2.7 8581.2 8591.6 8693.7 54362.5 54576.6 54294.4 30.028 98.133 24.935 107.166 71.299
3548832.9 0.8 2.9 8580.2 8590.6 8689.0 54367.0 54582.9 54298.1 29.733 98.377 24.178 97.951 71.054
